Loss: 0.4345402419567108
Accuracy: 0.8358209133148193
